6980368
5517055
1336159
6750185
1771937
360952
5672561
916583
2700138
9645053
1181110
1492185
4018595
7654888
7062453
2478010
6134768
8420417
2917489
3340773
1115956
9172192
6271996
8686939
50986
9376410
5962327
7686891
6615183
1864844
3329962
3942794
2614836
7406772
2384190
398347
8698503
9551696
1019556
1677430
3479629
9309008
5266170
4094340
1754055
5861132
4471329
8826052
7469325
1973172
53145
3897508
7773386
6089829
4223424
9761752
7930799
3597495
9302948
2288712
197187
5266939
221545
7957027
3195361
7106269
9633312
9713704
91925
4418686
9682250
2583824
4979126
6280954
1228610
705518
1017653
500098
7210727
4250898
4055028
2754240
452999
6831458
207636
7280635
3308937
4303570
8375055
1457960
5197625
3144371
6674138
2692106
2276769
1940971
3288264
4819803
9431005
3992019
8184782
2847975
7891025
900082
1831532
8428253
2905752
9763121
257890
4699761
359541
3446150
4246818
1848840
938480
227465
3923488
8915697
4309094
3891251
8627956
5884613
1659318
1834855
3386751
3000166
9135626
4869260
76550
432271
251028
7016218
6896099
8386350
8637147
936705
6602175
1429181
8395138
6132809
5936917
2878578
158885
2441957
5914794
3999272
3142897
8151159
5147564
4595374
4234951
7880605
7009921
695580
7370443
7921729
8419625
7024080
3905988
1767599
935136
635788
8807719
317375
9975410
2727968
7444399
4065675
9925720
2293633
7734826
1065463
1105617
5325800
3822527
5503858
9214055
6521769
7923796
5250236
1083154
472141
9597454
1581679
656751
345464
4281218
6558883
3852986
6263187
5828308
8058535
9035191
7922103
9366003
4555717
3526753
3176815
858440
2250854

7116776
1666340
8886983
839365
924280
1026310
1615293
1063875
679035
5201970
593979
801371
3796878
7489201
9740020
9128737
5473463
8701957
8238050
8679038
385912
5867340
4894542
8999451
4392535
2078131
3070124
7451998
5635510
1233932
6089867
1792316
6298637
2408038
8510100
991581
6455739
7829175
6328931
9982305
2292022
1070496
8518360
6378470
7756258
7111767
2685897
617946
246280
6075442
991323
6754202
3103178
3228842
6786623
5329085
2334647
7253396
6516953
5972725
5828037
6642265
2559699
6597631
5826202
4642335
1862900
6039635
3358744
4965249
6621475
3336153
1044743
6201477
6297100
885678
8546891
6683923
7064472
3430021
9764122
9958605
1006022
5276496
8876232
3364648
3539979
3003857
4481634
9035781
3767021
4993901
8698377
4626501
1755352
2755340
5150616
9345169
848948
2708748
8372451
3523015
2624283
8795348
2318100
4750861
3770597
1053352
833307
4632526
2212917
5053189
412218
4901564
5094606
8070285
6847905
4311824
3009421
1629105
8431899
7582456
7332147
314183
7632568
8161327
6961087
6898282
9749303
4427419
4368829
6439318
6473603
6446249
9818836
9438069
2809499
3460304
8430904
9774785
9560603
3440732
7053263
287398
4043644
2943820
9030962
7537540
7203657
5639400
9448142
9954392
2856859
1332118
6984725
1925762
2138171
347447
8839390
3951652
3755102
6867687
4383175
7125508
7799732
8784156
1372809
1327984
9205087
6524241
9316072
127744
8388820
6883557
2291239
3101270
1382825
9873376
6873500
8185634
2464786
8387154
5581444
8097911
8882527
8941444
4942703
101144
7471180
1932131
8052752
6359493
1967646
6575052
2323342
6735760
8895858
4238091
7093069
39
-39
-36
8
34
17
49
5
39
0
33
12
-6
27
-4
-38
26
49
29
42
-16
-28
34
20
0
25
45
3
-46
-46
29
33
29
26
-5
-36
12
45
-50
0
-6
-39
35
26
-35
-42
14
-3
22
-47
12
-17
-31
-25
-35
-18
14
37
-8
-41
-50
-9
2
12
-39
-17
0
27
28
45
-44
28
35
-33
43
-4
23
-49
49
-7
-38
-45
5
-21
26
-2
-24
6
-45
-4
15
0
-17
-35
43
45
-35
-8
28
47
34
-24
-42
-13
14
-45
-35
27
-12
-19
-20
-14
20
30
12
-36
-47
-27
-3
6
36
9
-16
36
-27
7
-6
-5
5
47
23
-48
-24
40
-4
-18
-19
14
15
1
24
-9
-50
18
15
30
44
9
19
33
41
-24
43
48
-23
7
28
8
-2
37
42
-17
-6
36
22
27
31
-47
-43
0
27
30
12
-15
-19
-42
-37
31
-10
18
33
-15
17
25
-25
-5
33
-13
33
-10
47
47
-13
-32
1
1
-25
-33
16
17
4
-39
-36
8
34
17
49
5
ABC
0
33
12
-6
27
-4
-38
26
49
29
42
-16
ERR
34
20
0
25
45
3
-46
-46
29
33
29
26
-5
-36
12
45
-50
0
-6
VAL